1.331587
1.308473
0.621336
1.256472
0.660232
1.203037
1.028274
0.445138
0.565153
1.484537
0.708160
2.384967
2.394704
1.397996
0.613204
1.128785
0.089588
1.046183
0.117476
0.469751
0.989072
2.467651
0.706830
0.292941
2.404326
-0.222774
0.141104
0.393341
0.217265
2.465325
1.383232
1.022516
1.656717
0.662374
0.313831
-0.221793
1.339926
1.985386
1.100129
-0.048041
1.614408
1.006861
1.134973
0.743974
2.225050
0.244615
0.781775
0.942500
0.315111
1.255174
0.947126
1.167168
1.202744
0.449022
-0.286002
1.105575
0.540541
1.342179
0.402469
0.730507
1.674076
1.194351
0.854829
1.412064
0.980074
-0.036383
1.902304
1.085227
0.207330
0.829512
0.879486
0.192936
0.349476
1.611457
1.013985
2.679910
1.817783
0.957711
2.319127
0.892564
1.101136
1.158052
1.397338
0.534225
1.079731
0.794685
0.756622
1.214783
2.200966
1.862952
1.156689
0.664146
0.396726
1.488218
1.188317
0.244798
0.924748
0.269572
0.550845
0.794698
0.785096
0.804267
0.579048
0.536269
1.358789
2.384125
0.529190
1.397819
0.676708
0.060728
1.462711
-0.179020
1.027840
0.094708
0.543235
1.465655
2.241867
0.480789
0.593189
1.527851
0.754876
-0.023908
1.439254
1.560209
1.545162
1.058437
0.170295
0.967810
0.737179
1.202903
0.703879
0.147034
0.452067
0.168754
-0.035328
0.033617
-0.050850
-1.053116
-0.216525
1.644761
1.248149
0.533489
0.519942
0.784711
0.872630
0.377397
1.187918
1.124242
2.671685
1.382537
2.075049
0.477649
0.161813
1.312923
0.538269
2.065626
0.570693
0.275782
0.648529
2.662577
0.514070
0.951746
1.869988
1.433637
0.792239
0.625582
1.271821
0.846185
0.611230
0.492985
0.561872
1.805246
2.204886
0.728493
0.999254
1.137799
1.158096
1.058817
0.671741
1.181352
1.493233
1.218060
1.433901
2.108038
0.568167
2.151971
0.609210
1.009196
0.613978
-0.082481
0.388578
0.187456
0.156372
1.037654
1.990006
1.254880
1.300269
-0.757340
0.495349
1.118031
-0.385461
0.399327
0.477598
0.837637
1.097121
2.195597
2.118591
0.457892
0.156872
0.048743
1.045170
1.376798
1.198602
0.970168
1.042892
0.793741
0.256790
0.260529
1.525852
1.671066
0.600677
0.647285
0.477146
0.571007
1.505020
0.101195
0.615320
0.215278
1.720387
0.469692
0.862026
1.575342
1.915653
0.771470
0.492168
0.680045
0.910932
1.064129
0.946299
0.833515
0.864171
1.027839
1.440697
0.642451
1.513252
1.175508
1.183789
0.531561
0.450692
1.744460
1.824669
0.740152
2.111099
0.776392
1.145009
0.392134
0.548178
1.132525
1.158203
0.239353
0.348145
0.818287
0.895280
1.634503
0.702061
1.241112
1.494538
1.093527
2.650690
1.370099
1.578553
2.317557
0.352613
1.527890
0.912010
1.373373
0.560160
1.509373
1.103331
0.353891
1.511954
1.254258
0.171014
1.163586
1.379338
0.762312
1.377823
0.714838
0.322393
2.324049
1.569928
1.235933
1.034351
0.643228
2.448005
0.765247
0.722987
1.758473
0.190473
0.640702
2.165262
1.592964
1.020982
1.049230
1.983242
0.874976
1.969044
2.793166
0.466091
0.498539
1.960517
2.058527
1.914101
0.512803
1.827610
0.299175
1.621098
0.423825
1.241652
0.480567
0.770419
0.722504
-0.287584
0.846675
0.613893
0.738393
0.411926
0.237046
1.039978
0.985027
1.083185
0.706559
1.728389
0.392225
0.501637
0.631839
1.272724
0.926107
0.578958
1.505063
0.511589
0.991434
1.181769
1.600622
1.559660
0.806508
0.766959
0.744463
1.102552
1.199534
0.784999
0.269853
0.724830
0.569146
0.938668
2.206562
1.214114
1.463523
-0.119055
1.739767
1.576845
1.151644
0.933382
1.246601
2.456308
1.677583
1.568180
0.896599
2.358157
2.494901
0.653478
0.853235
2.105609
2.222352
0.271570
1.794948
1.291365
-0.054475
1.430491
0.802851
0.438935
0.058481
1.079008
1.990225
2.175086
1.155512
2.013522
1.908375
1.067318
0.218029
0.485403
2.056742
-0.085619
1.052463
1.082441
0.723217
1.412157
0.284299
1.438668
1.202059
1.301955
1.257599
1.633273
0.734961
-0.142906
1.186853
0.838380
1.180081
1.309751
1.011887
0.353193
0.469079
0.773624
0.643109
0.635808
1.946358
1.060063
1.495045
2.100381
1.044209
0.344068
0.861515
0.746653
0.843145
0.967119
1.453093
1.124833
0.184184
0.699747
0.746743
0.393571
1.188137
0.212173
-0.158849
2.178444
1.018599
0.527812
2.327136
1.528664
1.219425
0.280039
-0.290406
0.955479
1.775204
-0.029222
0.653669
0.843879
1.810353
1.717695
0.827863
0.926351
0.276403
0.201939
0.990180
-0.113888
1.208596
-0.159090
0.488966
0.297028
0.506106
0.760960
2.397814
1.222312
1.573909
1.825806
0.217095
0.913848
0.104743
0.901135
1.288058
0.490700
1.404700
0.261098
0.618750
1.170885
0.440129
0.309607
0.758368
1.000638
1.917607
1.173748
0.161911
2.216064
1.348597
0.196935
1.015086
0.836734
0.517413
0.944041
0.518433
1.422112
1.001609
1.453864
1.132186
1.317082
1.385032
0.424936
-0.136439
1.227489
1.242033
0.446330
0.633243
1.152625
1.710275
1.334988
0.050654
1.270657
0.670564
1.803014
0.348512
0.199663
2.085185
0.697814
0.077673
1.095608
0.456544
1.184805
0.723226
-0.139325
0.790961
1.350668
0.796075
1.322167
1.102976
0.205293
0.965100
0.664629
0.629114
0.715247
0.314936
1.213143
1.820938
0.538943
2.346852
1.043308
1.645921
0.846598
1.601577
0.682183
0.780512
0.197482
1.747827
0.321083
1.702868
0.669421
0.107450
1.557770
0.841354
-0.446841
0.893095
0.631801
3.609161
0.873958
0.496145
2.366818
0.332125
1.679765
0.813066
0.908396
1.939329
1.482601
0.683110
-0.431010
1.374848
2.332309
0.756227
1.038461
1.400766
1.485258
1.035351
1.403813
1.997156
-0.081673
1.260953
1.543416
0.547213
0.936835
1.391451
-0.264340
0.625977
1.822117
2.003760
1.512203
0.659082
-0.131063
1.621988
-0.307786
1.086745
1.942903
0.285337
0.393451
0.061287
0.898707
0.489192
2.819522
0.762409
0.651336
0.123928
1.773992
1.445033
2.200583
1.203393
1.226226
0.660050
1.261069
1.615846
1.144966
1.290990
0.643975
0.627360
1.064940
-0.059232
1.643660
2.024971
1.709350
0.822330
0.215997
1.184537
1.990556
2.102667
1.029659
1.219765
1.397122
0.276180
0.785823
1.953713
1.356606
0.450079
1.021897
2.256889
1.829275
0.328007
0.846428
0.855058
1.437145
-1.120955
0.938153
0.502030
1.636818
1.311338
1.438161
0.363997
0.386830
1.089006
0.156578
1.001686
0.416965
0.565865
2.386086
2.141735
1.723566
1.218926
0.795211
0.769911
0.289527
1.510800
0.400972
0.389186
0.986755
0.035389
1.373918
0.811400
0.583152
0.738687
0.904424
0.025482
0.253186
0.192327
2.394849
0.551948
0.902927
0.633982
0.569208
0.669622
0.403410
0.516123
0.862683
1.491771
0.957095
1.409661
0.412698
1.480407
1.129936
0.936371
1.820124
1.693288
0.532594
2.238043
0.660466
0.997420
0.299782
0.764862
0.548821
0.555386
1.239460
0.570863
1.216918
1.947876
0.747060
0.977455
1.030373
0.889752
1.294688
0.923433
-0.253287
0.366352
2.310712
0.527109
0.825392
0.577846
-0.516653
0.739307
1.256860
1.806396
1.137350
0.150667
1.128354
0.965479
1.065110
1.114137
0.786772
2.598347
1.117590
1.300700
0.684878
1.493447
0.903174
1.806010
0.377955
0.984322
0.524215
1.439996
0.673595
1.397417
1.439701
-0.083412
0.766162
2.378291
0.460565
1.146979
2.155549
1.921656
1.592758
2.125702
0.524357
0.878601
1.453696
1.363808
0.241592
0.738272
1.710268
0.459303
1.496890
0.549375
1.162585
0.430893
1.724885
1.265195
0.128539
2.206495
1.853572
1.724800
0.793660
1.388821
-0.315652
1.335330
1.934490
0.527227
0.963153
1.994292
1.422365
0.523924
1.805562
0.929270
0.788401
1.310675
1.035340
0.821683
0.163958
1.200659
0.358780
1.801760
2.625106
0.794028
1.252686
1.418238
1.203414
1.257754
0.966739
0.359708
1.480854
1.617106
1.822528
0.732733
1.372238
-0.020908
0.561955
1.273973
1.153945
1.830286
1.148917
0.538689
2.071247
0.474484
2.080134
0.929633
0.592285
2.402662
0.542344
1.628808
1.015575
2.219322
0.364121
1.282740
0.802556
1.013856
1.375977
1.328742
1.114209
0.109615
1.178653
0.129147
0.285027
0.012976
1.901715
0.621994
1.331775
2.947099
0.019802
0.400175
0.454378
1.545265
1.103664
1.300893
1.687016
0.483541
1.762498
1.957816
2.234849
1.285931
1.540348
0.087502
1.407960
1.360466
0.548225
2.326334
2.023841
1.083912
1.324771
1.193448
-0.225309
1.643681
1.542339
0.968086
1.293355
0.584532
1.353024
2.057682
2.587334
1.462555
0.798410
0.526505
-0.010264
0.985163
1.155908
1.629587
1.042974
-0.303303
1.123305
0.890979
0.332169
1.088275
0.396058
0.942044
-0.212809
-0.240630
0.575030
1.120860
0.310290
1.334833
1.273443
0.902002
0.868099
0.616706
2.102412
1.083385
0.033660
1.429743
0.922301
0.309992
1.203192
0.557520
0.737675
1.690315
2.197684
1.567995
0.390199
0.482575
1.494811
2.335370
0.411647
0.631268
0.481688
1.073990
1.469272
0.457097
0.075630
-0.668498
1.432189
0.640959
0.529442
1.281996
-0.040692
0.510636
0.186243
1.174656
1.484371
1.769542
0.887324
1.109374
1.052080
2.375652
0.237401
0.230827
0.181363
1.171527
0.257267
0.907473
1.310512
1.199686
0.063728
-0.109656
1.727380
0.296853
1.253368
1.021285
1.464157
1.086658
-0.112874
1.810531
1.088183
0.825883
1.950793
0.600818
0.773587
-0.332027
1.247843
0.943671
-0.467607
1.072964
0.577945
1.466433
1.067589
1.274473
1.501021
1.344811
1.709939
1.140080
0.458390
0.317045
1.623459
2.050508
1.219050
-0.235087
2.418542
0.461395
0.039970
1.347641
1.193432
0.961921
0.694071
0.910676
0.771495
0.782395
0.606688
0.575747
1.611912
1.113338
0.350218
1.224408
0.601926
0.236402
3.454845
1.059334
-0.157762
-0.294343
1.230501
2.253028
1.710435
1.692250
1.300467
0.670315
0.250482
1.978787
0.964766
0.516021
1.028369
0.713438
-0.649446
2.227441
2.174980
0.984208
-0.021850
1.214436
0.674245
0.443773
1.929446
1.212861
0.647985
2.675077
1.951360
0.680137
0.799071
0.691130
1.055585
1.086408
2.014473
1.020906
1.018870
0.631083
-0.098435
1.200173
0.600238
0.741715
0.989046
0.902059
-0.091769
0.549577
0.953234
0.950475
0.199327
1.411539
0.270271
2.171259
1.004947
1.705848
0.675030
2.296890
0.874785
2.265076
0.017104
0.175766
0.174657
1.692385
1.158299
2.166119
1.392532
0.806365
0.674099
1.824496
-0.009883
1.159510
0.467264
1.451300
0.904194
1.108853
0.539026
1.317695
1.136306
0.028728
0.417193
0.923321
1.040698
1.755516
0.393399
1.415618
1.391071
0.672379
-0.883969
0.995567
1.904209
0.596183
0.151333
1.067810
0.944302
1.313524
1.077235
1.213823
0.995920
-0.111108
0.820300
0.500868
0.396977
0.037874
0.947639
1.248010
2.145313
-0.118750
0.682324
0.640179
2.276531
-0.176322
0.028916
1.149941
-0.056916
-0.181974
1.256575
1.341123
0.889322
1.745131
0.437783
1.624700
1.065650
2.312863
2.101915
1.955726
0.593321
0.911059
1.933246
0.540348
2.999190
1.044134
0.239474
0.530157
1.448938
1.317523
1.047161
2.448020
0.938816
1.932456
0.515134
1.591690
1.595130
0.560967
0.456840
0.506315
1.346595
1.274994
0.833409
0.881683
1.755202
-0.033382
2.102269
1.048284
0.635285
2.165591
0.253093
0.637912
-0.156351
0.424970
1.109763
-0.014843
1.303436
-0.008416
0.644806
0.436093
0.114760
1.416608
1.398193
0.784477
0.922207
0.503209
0.490987
0.556657
1.432884
-0.224598
2.288356
0.578038
0.897965
1.098385
0.500119
1.362017
0.935843
0.794987
-0.087804
0.991432
1.693296
0.996002
1.682991
1.101747
0.643795
0.740919
0.737052
1.205624
0.022359
1.617308
1.216529
0.663735
1.316085
0.474453
2.406967
1.386443
0.055809
0.011977
0.791537
2.422575
0.978376
0.943944
2.925324
1.734451
1.738985
0.980412
1.302437
0.972324
0.953748
1.512628
1.174794
1.347863
0.138048
1.104623
0.425859
1.532827
0.810691
2.131068
0.562086
-0.013764
1.143869
2.673458
0.706023
1.856385
-0.742433
0.338501
1.170778
0.870122
0.509758
0.544600
1.842147
1.795810
0.349939
0.021148
0.022858
1.609803
0.669440
0.609776
0.420341
1.171024
0.198960
1.259124
1.445256
0.768182
1.396214
0.754389
0.771677
1.525436
1.274234
0.237639
1.782348
1.035581
0.565813
0.755052
0.944477
-0.146106
0.974187
0.283533
-0.323889
0.253980
1.217259
1.052890
1.581187
1.153521
0.140718
1.438799
0.739604
1.952062
1.537085
1.063144
1.961089
0.428545
0.802718
1.181457
0.932250
0.604002
0.867844
0.475746
1.400644
1.792945
0.096690
1.483588
0.573445
0.420325
1.014651
0.851221
1.103706
0.934631
0.541924
1.510413
1.334035
1.443383
0.633772
0.467745
0.838579
1.094555
1.107966
3.193371
0.732901
0.834756
0.597460
1.068259
1.279843
0.110995
1.372364
0.991555
1.265321
0.640005
-0.088501
0.591126
0.592420
0.800665
1.429704
1.122350
1.910468
1.342062
2.088787
0.723818
0.316387
1.070332
1.013538
2.345139
1.023158
0.495059
1.940637
0.224050
1.090253
0.163210
1.168814
1.315881
0.752723
0.766239
1.146347
-0.467136
0.683108
1.275677
1.065702
1.129295
0.093522
-0.099814
0.840032
1.197006
0.641838
1.129017
0.174414
1.481520
1.102876
0.187202
0.445419
-0.126545
0.138748
0.599687
0.340960
0.786962
2.042224
1.187774
0.717669
1.081080
1.931746
0.677494
1.112182
1.039189
1.037637
1.260287
0.706651
1.637352
1.510935
2.859873
0.020370
0.933805
0.468666
-0.003447
1.699337
1.965789
1.032988
0.227169
0.839109
1.702051
0.539985
1.337245
1.634186
2.832543
0.966594
1.666079
1.095128
1.651122
-0.150528
0.858977
0.415220
2.209475
1.123232
0.043262
1.155491
1.586901
-0.503767
1.819308
0.635038
0.605139
1.240943
-0.091138
2.410830
1.981606
0.699991
0.106067
-0.202630
0.176874
1.853904
0.113170
1.330726
1.148881
0.696320
0.691287
0.963969
1.035787
2.214589
3.177053
0.492808
1.300127
0.609587
0.483289
0.969857
1.442420
0.632289
1.401781
1.555068
1.087106
2.294725
1.066985
0.134771
1.328771
1.627050
0.417780
0.547727
0.423091
2.227934
1.023860
0.340339
0.158136
0.710898
1.157698
0.905348
0.566202
1.168288
2.138579
1.350169
0.779527
1.298296
1.013995
0.522978
3.158873
1.133022
1.236922
0.575901
1.336440
1.645486
2.236575
1.540478
0.296398
1.199294
0.646660
1.521532
1.567795
1.207036
1.223890
0.401080
1.136757
2.080572
0.743103
0.848175
-0.460521
1.446010
0.566342
0.727412
0.227022
0.691959
0.683864
1.365802
0.109308
2.856970
1.508874
1.323508
-0.056881
0.516101
0.263408
1.274538
0.760696
1.153152
2.354697
0.228824
1.989151
1.521893
0.778130
1.385616
1.345119
1.408726
1.546018
0.136660
1.393469
1.342612
0.244209
0.717288
1.380947
0.723420
1.332077
0.013091
-0.114081
1.152972
0.730877
-0.129356
0.762756
1.765735
1.660864
0.585432
1.266055
0.109042
2.000175
1.024985
0.646403
-0.123878
1.475224
0.539248
1.942383
1.195562
1.207596
1.779763
0.043029
1.302642
1.513163
0.176796
0.106923
1.226264
0.684624
0.304449
1.495532
0.082295
1.506892
-0.082276
0.361949
0.771084
1.291031
0.430068
0.935813
0.730901
2.335873
0.351457
3.077068
0.578278
2.708488
0.325898
1.284603
1.026697
1.053556
0.973587
2.389500
0.799171
1.047972
0.874392
1.007081
1.620131
1.193704
1.105918
0.997512
1.049394
1.359998
1.177240
0.862044
2.139398
1.848076
0.280130
0.345551
0.975555
1.366887
1.972364
0.806924
1.728230
1.432525
-0.546834
0.578248
-0.017183
0.118244
1.109708
0.480286
0.027723
2.570093
0.662769
0.084444
0.511626
1.820664
0.858537
1.512800
0.608312
0.769329
0.808091
1.277610
0.984277
0.431010
0.688694
3.142285
1.781682
2.661094
0.832384
1.280537
1.463815
0.614012
1.310861
0.594208
1.633771
1.481377
0.527925
0.648076
0.750489
1.596443
0.128154
2.798534
1.493839
0.173605
1.474686
1.317285
1.481165
2.408960
0.846948
0.957154
0.789385
2.626002
2.245393
-0.397799
1.838159
0.817873
0.865618
1.643063
0.557429
0.209412
0.893542
2.031183
1.384546
1.283277
-0.109311
0.713569
0.099376
1.754327
0.298861
1.425255
0.962033
-0.127265
1.563974
1.016627
0.592176
0.782452
0.363747
0.802442
0.549837
1.154744
1.377339
0.196870
0.805163
1.402398
1.682185
1.020299
0.499769
2.062813
2.147900
1.564459
0.425410
0.293553
1.225272
0.832850
0.655849
1.721328
0.772883
1.151111
1.838948
2.077540
0.779554
1.320416
1.583160
1.692047
-0.358964
1.670759
0.899305
0.612154
1.417634
1.041225
0.779676
0.311824
1.299302
1.139149
0.385735
-0.338560
-0.160611
1.308395
0.392443
0.629772
0.994793
1.609823
0.715928
1.351793
1.634120
0.654296
3.027240
-0.299144
0.849136
0.337177
0.810908
1.029950
-0.107624
1.344517
1.193538
0.497736
0.574977
0.436998
-0.003808
1.721829
0.661982
2.328222
0.904064
2.055119
1.061413
1.938254
0.816615
0.872272
0.543491
1.711595
1.501926
0.736273
0.838414
0.397405
1.069421
1.209127
1.222820
1.966197
0.558380
1.010742
1.439709
0.047698
1.221235
1.063437
1.785803
2.055249
0.960131
1.633858
1.757061
0.301287
1.889172
0.411805
1.223382
2.398792
0.641618
0.103651
0.879881
1.274241
2.018661
1.280019
2.106937
1.140086
0.663531
2.033002
0.230897
1.183774
1.072950
0.481188
-0.299981
1.082374
0.384705
1.021317
-0.391844
-0.047306
0.401284
-0.288893
0.676737
0.493925
1.577489
0.187462
1.419083
0.826761
0.918249
2.350614
2.381128
0.134681
0.779581
1.316518
1.512000
0.540049
0.598298
1.120421
0.773516
0.469035
0.889454
0.685749
0.842053
0.635212
2.170854
0.369266
1.740595
0.035694
1.966489
0.005174
0.469816
0.711219
0.327597
2.254950
1.015537
1.120219
0.977175
0.556860
0.283987
1.019229
0.333359
0.487770
1.889316
1.656097
2.127536
1.429614
1.509902
1.153630
0.785183
1.496690
0.806365
0.720896
0.674176
1.673534
1.251437
1.006412
1.702337
-0.253879
2.450873
1.050309
1.156453
1.386792
-0.200354
1.337306
0.911060
-0.137085
-0.119481
0.775098
0.853539
0.184612
0.195025
1.646323
0.683697
0.525085
0.849348
1.089561
1.778767
0.836199
2.441319
0.530070
-0.328933
-0.307631
-0.807902
2.879808
0.888366
1.013550
0.696467
1.526013
2.033195
0.330454
1.367087
1.328457
2.133190
0.366047
0.417224
-0.040158
1.962914
0.822373
0.775180
2.484324
1.609581
0.483266
2.437222
1.253119
0.847713
1.194563
0.613718
2.202895
1.231002
0.827220
0.511527
0.667620
0.447405
1.666796
1.175080
-1.116049
1.567978
0.724505
0.702641
0.616697
1.354421
0.612037
0.922144
2.597517
1.155152
1.064473
0.512005
1.978755
0.527059
1.569021
2.224867
1.447451
0.129181
0.839885
0.187486
0.933658
0.807587
2.397295
1.265876
1.690144
0.839212
1.476913
0.228423
0.784007
1.100795
0.981873
0.837102
1.574619
1.864412
0.253798
1.595816
1.852142
1.245189
1.601895
0.720182
0.527125
2.586210
1.367708
0.125698
1.837756
-0.383437
1.917801
1.025590
0.699301
-0.468435
1.025680
1.085726
0.996255
1.780536
1.852409
1.935936
1.230280
0.240589
1.073866
2.772083
2.182576
2.300379
2.232634
1.594012
1.991681
0.189770
1.793269
0.494140
1.703818
1.098512
1.112378
1.302463
1.071534
0.509938
1.430164
1.818769
1.286639
1.579792
1.847487
0.323891
0.992020
1.787796
0.583558
-0.022975
1.279371
0.985080
-0.114581
1.720591
0.603255
1.347107
2.256723
0.950075
0.422568
0.412937
0.323318
0.943001
0.762129
0.312593
0.403669
1.494277
1.072877
0.691075
1.460065
0.131040
1.879138
0.925999
-0.064986
1.290173
0.599258
0.293734
2.074982
3.561219
1.643318
0.132473
0.480737
1.439421
1.434356
0.779847
0.785620
0.618530
1.212606
0.209326
0.441743
0.787046
1.214725
1.458744
1.784016
1.321133
0.023586
1.314006
1.814625
1.115963
2.997323
0.807150
0.614516
0.421139
0.745863
0.932836
-0.189220
0.934414
1.021983
0.733013
0.674243
0.610004
0.314515
0.662700
0.522505
0.289100
2.547648
0.013783
2.499249
0.665348
1.992818
0.491088
0.064156
-0.403174
1.250178
0.960672
0.931650
0.751896
2.175488
1.226008
0.784337
0.678093
1.029068
0.745677
0.713987
0.292161
1.257149
0.444870
1.951923
0.353522
0.727219
0.738749
1.191591
0.232507
2.388862
0.888958
0.904541
0.357467
0.372149
0.933301
1.064516
1.176637
2.447523
0.550384
0.842256
0.435490
0.765651
1.236663
0.636256
1.492430
1.741622
2.241037
1.618245
0.104030
2.365713
1.393714
1.345630
1.915684
0.603142
1.775395
0.936540
1.019263
0.293472
0.726639
0.886366
0.889455
1.245121
3.691489
1.909248
1.542941
0.917111
0.193841
1.487844
-0.897528
0.684534
1.435277
0.237044
0.813908
0.644888
1.325079
0.509451
0.944676
0.515984
0.099732
1.482415
1.022551
0.796924
0.543520
0.745789
0.265045
1.464459
1.648809
0.766831
1.926685
-0.100681
1.683351
0.681464
-0.227478
1.290336
1.046110
1.379039
2.029113
0.981611
0.464346
1.016561
1.341984
1.627183
0.224836
0.499663
1.196992
1.121734
1.606610
0.711904
0.595038
1.140148
2.071851
0.869071
1.263344
1.389831
1.755586
1.366299
0.091635
1.209433
0.972189
0.790643
1.101856
1.267967
-0.278661
2.107810
0.592828
0.399513
1.627622
1.585906
1.522475
1.514719
2.149244
1.833062
0.346435
1.094692
1.602665
-0.240071
0.980906
0.887757
1.552655
1.598968
1.430680
0.611141
1.963467
0.778562
0.656172
0.262713
0.987360
-0.275839
0.613642
0.528475
1.541593
2.424206
2.036166
0.771854
0.519059
1.630442
0.063235
2.016135
0.619567
-0.427722
1.090149
1.549726
2.121772
1.264976
1.245062
2.089254
0.975300
0.430577
0.819014
1.449795
1.391261
2.575502
1.890083
1.231016
1.267316
1.296310
1.768375
0.002329
0.990827
1.461291
2.312365
0.673453
1.083166
0.927933
1.367924
1.750006
1.354125
0.588270
1.238910
2.076198
2.209472
0.845769
1.605361
0.414236
1.265007
1.326537
2.803066
1.054619
0.564926
0.659008
1.067506
1.726909
1.373035
1.980431
1.089259
0.924837
1.545428
1.893728
1.563935
0.666135
1.602696
-0.094487
0.928197
1.640716
0.503371
0.528046
1.012041
1.499264
0.494549
0.090276
1.170883
0.555996
0.600336
0.729630
0.687936
0.878604
1.185905
2.634386
1.677644
0.365752
1.696327
1.020938
0.973403
0.490745
0.701773
1.908480
1.071683
0.491842
1.117862
1.822543
1.744445
1.200325
1.682833
1.094743
0.656140
1.122138
0.677789
0.607787
1.517956
0.527185
1.080227
1.774959
0.182694
2.087169
0.971192
1.307207
0.804472
1.920027
0.332402
-0.502660
0.168591
1.113265
1.486067
1.258984
0.336843
1.023094
1.341461
2.021900
0.812405
2.076404
0.760558
-0.152037
2.253710
1.283313
1.802102
-1.293513
1.543335
0.677548
0.929105
0.383730
0.770325
1.181540
0.545845
2.031176
-0.017131
1.035023
0.657485
3.286370
-0.474687
0.682038
1.577837
1.109861
0.872926
0.992935
0.915151
0.991259
0.676423
0.424352
0.948552
1.882544
1.126772
2.502743
0.331294
0.685648
0.381227
1.926752
1.242424
0.773935
0.904261
2.318213
1.037418
2.266259
1.170177
1.302921
1.161422
1.126571
1.412682
3.503309
1.435140
1.439622
1.230266
1.123446
1.255028
0.871787
0.806086
0.016846
0.123422
0.538694
1.558202
0.429612
1.275109
1.209930
1.320400
1.289801
1.314288
0.948847
-0.594118
0.983915
1.524722
0.192633
1.430866
0.869014
1.220607
1.940588
1.089599
0.563647
0.520577
0.986544
0.747831
1.378234
1.021826
0.419016
0.549412
0.917162
0.220140
1.696712
1.468094
0.769915
2.257189
0.272373
1.743271
0.688390
1.823566
1.093798
1.167524
0.888790
1.275989
2.960463
0.903930
0.369839
1.391818
0.636107
0.964896
2.451222
1.621010
2.245734
1.355821
1.055000
1.067397
0.948917
0.425602
1.146247
0.311138
0.783510
0.449202
1.122739
1.385393
0.788941
1.057967
0.778490
1.134129
1.530602
1.414879
0.494680
0.953533
0.981649
2.047229
1.443823
-0.201402
2.095603
0.391035
1.173898
1.478595
0.326573
1.443730
1.036576
1.125433
1.173709
0.253335
0.630327
0.332670
0.834577
0.850100
1.246875
1.934632
0.389501
2.555992
0.601013
1.368332
1.048478
0.440417
0.768126
0.179739
1.457177
1.290620
1.057469
1.786241
1.227157
1.691533
1.651351
1.451313
0.376661
0.635416
1.031871
0.928083
0.966451
1.978195
0.921335
1.167470
0.594163
1.238859
1.363233
0.784636
0.826007
1.993452
0.718309
0.001659
1.285454
0.999492
1.817593
1.717395
0.929281
1.836848
1.038124
0.926009
1.519123
0.685797
0.503980
1.593370
0.334442
0.619289
1.577393
0.634361
1.417231
-0.498242
0.608522
1.187931
0.576864
1.276109
0.006004
0.441005
0.239472
0.463214
1.598228
2.848074
0.564510
0.994148
1.054701
1.832868
0.157537
0.660330
0.910109
1.528517
0.823263
0.904783
0.599379
0.626941
0.343998
0.647378
1.250739
0.435148
0.329404
0.089399
1.122545
2.182199
0.235842
1.079631
0.944121
0.305476
0.495171
-0.106389
0.518093
1.796757
0.977787
0.836619
1.207352
0.761808
1.498090
1.614289
1.050863
0.354789
1.658755
-0.309597
1.806731
0.013211
1.333676
1.461691
0.454061
0.577802
0.985955
0.747305
0.548882
1.490538
2.165905
2.842915
1.646991
0.358548
1.686459
0.741992
0.283959
1.950677
2.825286
0.838295
1.519074
0.589215
2.064008
0.944913
2.026357
1.063993
-0.424052
0.250224
0.338886
1.822497
1.244343
1.465369
1.031436
1.639611
0.668663
2.787131
-0.376672
2.397260
1.992795
1.403808
1.536308
1.963138
1.121374
0.582800
0.749251
0.831911
0.875865
-0.190191
1.178233
-0.107920
0.993980
0.277636
0.698192
1.136197
1.019239
1.182208
1.591468
1.117783
0.513848
-0.111249
1.136671
2.467814
1.600217
1.761344
1.577095
0.389491
0.436378
0.928014
0.622442
0.854146
0.826280
1.162570
0.489914
1.119860
1.600309
1.260620
1.309078
0.756277
1.409254
0.337557
1.252758
0.944386
2.198657
1.124574
1.812495
0.963696
-0.138028
1.176905
-0.132526
1.235926
0.813221
0.095682
1.537404
1.799539
1.273727
0.905898
0.082591
1.269250
0.652256
1.743337
1.625407
2.870931
1.162277
0.625875
1.321613
1.451262
1.193598
0.761829
1.665527
1.658200
0.423064
0.874301
1.877571
0.321322
1.314928
1.147557
0.515687
1.575819
1.387743
1.974130
0.235571
0.716479
1.924460
0.438358
1.383945
-0.826569
0.837281
0.637266
1.365146
1.463252
1.154180
1.841836
0.740168
1.414190
0.537947
1.843716
-0.238337
0.849422
1.500545
0.217238
0.523972
1.308335
1.102090
0.129736
0.464437
0.429362
1.544728
1.453952
2.143676
1.046352
1.231609
0.165932
0.170545
1.711481
0.561761
0.899987
1.685069
1.519027
0.149739
0.768984
2.217740
0.903567
0.685732
0.494605
0.272320
0.240423
1.722584
0.579804
0.462517
0.889418
0.826572
0.936332
0.886938
1.950705
1.707437
1.540453
1.660300
1.175272
0.880251
-0.152836
0.602478
2.331168
1.258772
0.434760
0.611025
-0.372739
2.162724
0.013013
1.469711
1.226911
0.477195
0.417369
0.428844
1.456608
0.812868
1.253483
0.676315
1.831807
0.592841
-0.211247
0.215050
2.888753
1.100444
0.374463
0.819082
1.386317
1.765305
0.215406
1.393480
1.659704
0.331423
0.066538
0.497817
1.893585
1.538602
0.736782
1.579874
1.329975
1.528006
0.743610
1.834674
1.496813
0.745860
0.936594
1.630109
0.666070
1.118452
0.209190
1.064135
0.913631
1.137044
1.354128
1.220212
0.611267
2.243761
1.303052
0.678347
0.567749
0.448780
2.077945
1.433046
0.158596
0.213861
1.246114
0.559965
0.774680
0.530147
1.135537
2.018939
0.184647
1.559363
1.493045
0.895593
1.944006
1.450775
2.078176
0.427413
0.801290
0.360900
1.914755
1.129439
0.744971
1.021465
-0.170233
0.949957
0.202934
0.730960
1.977126
1.752972
1.478444
1.390065
1.183538
1.171574
1.024330
0.499112
-0.279433
0.309342
0.741108
1.652504
1.714018
2.248927
0.232473
0.948532
2.006898
1.290083
0.664703
-0.832530
1.570386
0.225980
0.886218
0.474218
2.260138
1.269698
1.238262
0.263615
0.621924
1.373421
1.737222
0.458152
1.399676
0.933670
1.339240
0.049736
0.962019
0.919311
0.398837
1.225887
0.601682
1.633866
1.340152
2.111667
2.177542
0.754523
1.151307
0.693743
1.377813
1.115792
1.028477
1.113983
1.063620
0.616529
2.093714
0.355147
0.359560
2.166738
2.091255
2.170299
1.480607
0.038683
1.109504
0.198096
1.193744
1.184971
1.984617
1.241871
1.304296
0.477836
0.751449
0.344903
0.368729
1.092779
0.327912
1.289640
0.449785
0.351710
2.382932
0.482015
0.871913
0.802109
1.338303
0.409601
0.609473
1.872968
0.841387
1.016712
0.576926
0.333981
1.684444
1.211749
1.360999
2.128097
1.234736
2.520753
1.246431
1.022346
0.820932
-0.164781
1.542801
0.693209
0.074317
1.052594
1.334097
1.092590
-0.028224
0.628917
1.175400
0.882227
1.401508
2.108358
2.107854
2.457554
0.400666
1.060831
0.684482
1.420800
1.734174
0.437133
1.033320
0.081394
1.178053
2.186158
0.829718
1.349640
0.392271
0.605249
1.392010
1.000452
0.886608
1.274243
1.352593
0.723568
0.939263
-0.096923
2.436072
0.794269
1.614702
1.506173
1.343610
0.092015
0.112305
0.757742
0.697766
0.930863
1.577586
0.985289
0.559640
1.578241
2.282707
0.344721
2.104891
0.343425
0.045869
1.140819
1.508880
0.658338
1.151246
0.506100
1.686833
2.522886
1.547802
2.547376
0.922900
1.450779
2.335765
0.344514
1.267360
0.187106
0.518163
1.002908
0.019467
1.836457
0.478645
0.369022
2.345750
1.181171
2.234513
1.640358
1.812672
1.062488
0.046522
0.109724
1.250905
1.433522
1.129228
0.964710
1.913446
0.485017
1.078127
0.250538
0.121985
0.476588
2.017780
2.092540
0.847667
1.390117
1.130703
2.092828
0.594807
0.477985
1.466912
0.272952
0.398107
0.821769
-0.328282
1.039280
1.813622
0.513329
2.116740
1.707991
0.708356
2.166743
1.015640
1.545073
0.681004
-0.052747
0.798203
1.556121
1.464034
0.124762
1.153428
0.571460
1.965969
1.136771
0.401139
2.119346
1.440946
0.844096
-0.068418
1.131587
1.878543
2.269607
0.759910
0.383823
2.043165
0.080256
1.244176
0.381117
1.186750
1.067257
0.451429
0.797562
1.481641
1.600174
0.881605
0.252248
1.149466
0.328697
1.394074
2.146410
0.499188
1.081858
0.713155
1.326103
1.829246
-0.141540
0.468088
1.752697
0.400770
2.268850
1.219488
1.468812
2.197782
1.024494
1.106462
2.201286
0.615747
1.538887
0.969245
1.266754
0.909403
0.704082
0.203122
0.552066
-0.039280
0.431648
1.070139
0.204309
1.079186
0.664024
0.499266
1.855804
0.898890
1.641655
1.547880
0.724618
0.674763
0.335698
1.369833
2.645354
0.630580
1.163013
0.045168
0.925931
2.355279
1.220837
0.235058
0.360171
1.617037
0.808372
2.068412
0.930660
1.197221
0.039474
1.078100
1.111359
1.307032
-0.184070
0.532585
2.686068
1.244518
-0.265588
0.171198
1.259691
1.177053
0.473706
0.469863
-0.299894
0.923448
0.819687
0.759493
1.136737
0.932346
-0.164537
1.541760
0.752463
0.696982
1.387579
1.425405
0.419595
1.362234
1.897915
1.081732
0.843114
0.357297
1.178828
0.852819
2.660641
0.459716
1.380673
0.681007
-0.205450
1.913123
1.896678
1.338146
0.996824
1.101589
1.140652
0.754723
0.221454
1.232615
1.457515
0.487619
-0.230666
0.478163
2.230624
0.992655
0.339162
0.995579
1.771600
0.704758
0.979407
-0.564224
0.513903
1.277383
-0.328553
1.074533
1.405683
0.466380
1.866861
0.523936
1.364275
1.033769
1.598374
0.962977
0.462336
0.452999
1.228283
1.779766
1.491263
0.859299
2.180008
0.332417
2.199228
1.018561
0.674869
1.637828
1.937058
1.275151
2.666207
0.642318
0.397702
-0.331659
1.006621
0.663464
0.989068
1.560540
0.417354
0.819057
0.548325
0.411010
-0.257610
-0.583763
0.625479
1.055110
2.495875
1.151007
1.897938
1.202281
1.429114
1.711542
0.580899
1.109944
0.434707
2.472006
0.368617
1.248714
1.024180
2.412219
0.335678
1.867172
-0.112109
0.417249
0.552380
1.738856
1.513443
0.556118
0.796134
0.757111
3.189272
1.000492
1.414809
1.856372
1.587924
2.430785
1.894443
1.276519
0.442407
0.998401
1.343414
1.288168
2.234797
0.645344
1.907581
1.760417
-0.484617
1.565644
1.658056
1.745365
0.608796
1.543049
0.555088
0.434271
1.039395
0.732196
1.896958
2.334696
2.319703
2.195612
1.147543
1.050538
0.413525
0.486669
0.899427
0.167878
2.031454
0.199061
2.249145
1.551487
1.259937
1.138605
0.773306
-0.146451
0.457517
1.157558
1.384134
0.070572
0.204237
1.733217
0.214180
0.484862
0.140852
1.423068
1.534742
0.963143
1.829830
0.637824
0.478455
1.610202
2.182689
0.388887
0.892422
1.525107
0.879510
-0.172631
0.801612
1.461219
1.406542
0.605561
0.134284
1.645768
1.083365
0.837541
0.543152
1.339869
1.655813
-0.113947
1.588668
1.492513
0.218531
1.638809
0.008840
1.789715
1.515266
0.048417
1.156711
0.062756
0.126804
0.988422
0.678730
1.718398
1.381462
1.285875
0.646342
0.407130
2.375553
0.928889
0.406419
2.445344
0.961286
0.445842
0.382396
1.314165
-0.004822
2.242859
0.190639
0.788002
0.476500
1.552591
0.561767
1.148712
0.732035
1.657773
0.172597
0.918366
0.280854
1.860132
1.035964
0.623325
0.701101
1.804644
0.613039
1.877826
1.287002
1.368455
1.796307
1.441477
1.016085
2.181397
1.099326
1.004236
0.564467
1.916444
0.591680
1.146233
0.939144
1.259124
0.397817
1.574090
1.305815
0.455458
1.043643
0.098863
1.177654
0.705738
1.450082
-0.126977
1.294321
0.739258
1.478942
0.008603
1.838002
-0.342755
0.737387
2.061466
0.668842
0.782070
0.362896
-0.099161
0.631905
1.393386
0.552344
1.625906
1.097639
1.384138
0.663116
1.592037
1.186646
1.248896
1.184117
0.132972
0.226229
0.099575
0.486433
1.160389
1.313418
0.107546
1.084700
2.785740
0.744006
0.940783
1.898140
1.826978
1.302139
1.495056
3.470859
1.570552
1.468344
0.674079
0.300097
1.825145
0.153976
0.309447
1.629775
0.208900
0.704400
-0.402020
1.643815
0.363538
1.292075
1.193771
1.324854
0.661911
2.318582
1.049461
-0.027464
0.652907
0.929056
0.680185
1.662991
1.557814
0.554321
0.781163
1.096516
1.426102
0.594038
1.819991
1.555511
0.807168
0.602601
0.364226
1.745611
2.387551
1.809501
1.758704
2.755580
1.032148
0.957449
0.183247
1.342536
1.461093
-0.055860
0.619933
0.863363
1.660366
1.463085
0.618194
0.644820
1.518830
1.091091
0.777314
1.283641
1.910848
-0.183643
0.827464
-0.298309
-0.034779
0.705157
0.899154
0.865090
1.280417
0.066954
1.324211
0.092838
0.906966
1.275720
1.937293
0.714334
1.027055
0.875235
0.733365
0.511633
1.397924
1.811689
0.265185
0.054026
0.398471
1.776139
0.543310
0.236311
0.710234
0.839189
1.561704
0.127222
0.789255
1.549866
1.813346
0.900082
1.161279
1.076685
0.731828
0.832361
0.741110
0.759997
0.352364
1.452758
1.133470
0.143626
0.298546
1.108682
1.711966
1.073466
0.746153
1.722237
1.000834
-0.028307
-0.041342
1.106201
1.672338
0.582069
-0.307058
1.138723
0.294417
1.186129
2.335398
1.492457
2.231621
1.097008
-0.303879
0.646065
1.298835
1.162890
2.568028
0.658849
0.685095
-0.216669
0.529368
-0.540636
1.099453
0.870987
0.915169
1.287971
2.057258
3.213814
0.792441
0.454757
0.885535
2.987081
0.407679
0.850685
1.041752
1.195459
0.154548
0.332215
1.824805
0.709527
2.343020
0.775918
0.908934
1.624336
1.918117
1.574641
1.536963
1.524714
1.406945
0.590782
1.375494
1.134821
1.176032
1.185140
0.165361
0.717736
1.555938
-0.001500
0.585308
2.471693
-0.001992
1.888381
1.578618
0.746690
0.195390
0.830791
1.219694
1.000404
0.413315
1.415530
0.103749
1.119831
0.662717
1.919343
1.080058
0.433365
0.479728
0.215783
2.383778
2.048718
0.371683
0.998144
0.699750
0.856170
0.966495
0.304578
0.850125
-0.016219
0.682797
0.995734
0.229114
0.843989
1.425354
0.262755
0.988324
0.668627
1.741564
1.080143
1.106582
0.687671
1.214850
0.961968
1.056310
1.281767
1.207446
3.419704
1.298637
1.652690
0.837508
1.124239
1.633830
1.961824
-0.289537
0.791946
1.180577
0.942606
1.369428
0.821455
0.646589
0.387801
0.664940
1.409913
0.731718
1.219633
2.750188
0.523796
0.827549
0.804793
0.749083
1.887504
0.508337
1.717007
0.658008
0.743489
1.502977
0.214540
0.869674
1.196181
0.838210
1.483111
1.489877
1.338702
-1.216977
1.601673
-0.047907
0.660009
0.201796
1.597005
0.511835
0.232334
0.377022
1.310697
0.534266
0.339786
2.421063
2.234935
0.580483
1.259723
-1.101098
1.083391
0.466703
2.106614
2.595157
1.151600
0.496448
0.451377
1.261382
1.041271
0.202023
1.451090
1.446001
1.663456
1.431133
1.309037
0.169764
1.009676
0.761365
1.007908
1.287060
1.836136
0.077052
1.295475
0.625879
0.118281
0.495036
-0.068710
0.266280
0.367752
0.934338
2.383799
1.014895
-0.264949
1.294384
0.220889
2.807616
1.100111
0.602400
0.433963
0.054058
1.831008
0.652349
2.158282
1.530715
0.525807
1.076096
1.104454
1.880489
0.956859
0.728403
0.397705
1.030146
0.653439
0.315483
1.723475
0.543760
0.857571
0.060452
2.392930
0.970795
0.711003
1.773714
0.745745
1.515087
1.209407
0.916091
-0.059464
1.779532
0.563982
0.237589
1.337870
1.085967
1.092707
0.766525
1.402788
0.445249
1.394626
1.532912
0.906503
-0.417950
1.859770
0.725757
2.749493
0.610190
1.771684
-0.595012
3.413703
0.229545
2.632004
0.631136
0.568367
1.091342
-0.095037
1.095516
2.021383
1.172546
1.518792
1.592513
0.359001
0.760946
1.070189
1.767753
1.658269
2.052809
1.273424
1.685012
0.438846
0.546540
1.618955
0.904527
1.511982
1.673743
0.922396
1.195857
0.959637
0.741142
1.381438
2.499847
1.522423
1.915333
-0.071853
1.128602
0.519634
0.822807
1.697540
1.141795
0.370074
1.485615
3.501297
0.605389
-0.020174
0.619158
0.705534
0.545373
1.012520
0.431249
0.588901
1.599062
0.645076
1.339377
-0.321604
1.481524
1.226844
0.648421
0.619927
0.940183
1.698726
1.252414
1.603491
0.412591
0.715575
1.217488
1.161933
1.876425
2.392025
1.011636
0.545140
1.217490
0.179481
1.413051
0.844241
1.967794
-0.225064
1.403290
1.048243
2.511896
0.722749
1.095810
0.452212
2.922723
1.994947
2.629328
0.600015
0.067631
1.804303
1.281522
-0.131521
1.507285
-0.130031
0.291698
0.713930
-0.045523
2.161802
1.262947
1.683180
3.120987
0.179879
1.027534
-0.040182
1.446626
-0.489154
1.596065
-0.141395
2.009102
1.660594
1.222076
1.631196
0.621741
-0.160784
1.999925
1.330602
0.625060
1.623735
0.055204
0.333235
1.007094
0.975079
1.695236
1.064676
0.334381
1.378430
1.691617
0.343998
0.787610
0.990801
1.852602
2.502879
-0.221772
-0.286592
0.191523
0.841019
1.579265
2.547606
0.693811
1.349773
1.726482
1.124303
1.029720
1.173590
0.838841
0.972678
1.343119
0.615436
-0.183781
0.336755
1.425373
0.972213
2.060903
0.076521
2.290480
1.636784
0.945299
1.915248
1.304972
0.355389
1.439395
0.942011
1.701948
-0.054614
0.537490
1.523639
0.155066
1.436500
1.407417
-0.487584
0.660874
0.771330
1.530355
0.842311
1.238606
1.220389
0.600897
-0.099845
0.990674
1.417955
0.292064
2.795107
1.648472
0.460221
1.261239
0.844745
1.485870
-0.383481
1.101096
0.393691
0.773397
1.707462
0.099146
1.498216
0.738987
1.175145
0.390852
0.245508
0.715825
0.581918
0.613311
1.235755
1.294567
0.774502
0.223371
1.189242
0.330786
-0.412406
0.391375
1.213398
1.774870
0.531341
1.670608
1.023921
1.664359
0.032771
0.439524
0.782942
1.253155
0.702412
2.032559
1.784024
0.376081
1.102533
1.597270
0.743774
0.372745
1.151704
1.040604
0.849242
2.055142
0.033111
0.048866
1.278945
2.332334
1.119701
0.884994
2.399438
0.885756
1.194930
2.768842
0.687456
1.014801
0.080101
2.131838
1.386400
1.072241
0.175519
-0.153575
-0.232765
1.859862
-0.031983
1.564252
1.679812
1.073217
0.701352
2.127377
0.456980
0.516404
0.386880
1.260283
1.022319
0.431518
0.487592
0.834476
1.102699
1.989561
0.053764
1.315988
1.183603
1.246845
0.586078
1.742301
1.216997
0.637493
1.637202
2.250848
1.357917
1.153944
1.431041
0.863413
0.394052
0.665609
1.005858
0.999992
1.222891
1.439909
0.568078
-0.569861
1.187269
0.977233
0.621659
0.570075
1.154227
1.934647
0.855116
0.423993
0.814186
1.116382
0.052978
1.331073
1.868349
0.129045
1.776810
2.036010
1.536675
0.278374
2.169781
1.807275
1.617466
2.034226
1.219346
2.475813
0.166531
1.246161
1.489074
0.729239
1.278042
1.144491
0.702064
0.394637
-0.450054
1.729592
1.309638
0.204883
-0.021052
0.483722
1.765242
1.143151
1.596239
1.401184
0.853544
1.032876
0.779400
0.733890
0.563394
1.163714
1.422213
1.076045
1.275866
0.889447
0.890643
0.767170
-0.169916
1.445393
2.751725
0.850617
1.204891
1.050084
1.992531
1.722241
0.716372
1.810801
1.080656
0.955207
0.927927
0.480088
1.460413
-0.196516
0.574932
1.505370
-0.314768
1.210065
0.570994
2.516911
0.796044
1.129103
0.310391
2.115611
1.812315
1.128352
0.649939
0.662467
0.179701
0.190713
1.439403
1.033532
1.453362
2.596812
1.034916
2.414320
1.276014
0.916317
1.666705
1.997838
1.212172
0.338873
2.362688
-0.206580
1.235438
2.144284
0.563903
1.067380
1.483611
0.818169
0.587673
1.114149
1.827368
1.343583
0.073759
0.930983
0.894322
-0.154838
0.317317
2.303721
0.232154
0.226738
0.300061
0.871024
0.884723
0.993678
1.422279
1.490149
0.958840
0.950734
-0.024276
1.559505
2.939262
1.306455
1.673823
1.379456
-0.122212
0.141033
0.595380
0.775348
0.845111
1.369587
2.854205
1.904173
0.176526
1.666530
2.434987
1.336169
0.459116
1.138782
1.101322
1.235894
0.644053
-0.237609
0.548657
-0.187603
1.139263
0.871612
1.713239
1.037946
0.232131
0.155436
0.980674
1.686366
0.526354
0.954092
1.236455
0.397481
0.705567
0.489853
1.113129
1.868476
0.763470
1.118206
1.224766
1.100325
2.466484
2.435224
0.550806
2.275387
1.283896
1.368317
1.169295
0.805308
-0.223140
0.924576
1.345537
0.725846
0.731887
1.390434
0.706097
0.451692
0.218351
1.267850
0.922016
1.228872
1.152899
1.175422
1.556401
1.932576
0.858822
2.639881
1.301624
1.549167
1.291926
1.447055
0.834096
1.376343
-0.188136
1.973498
0.295692
0.890912
1.674443
1.657918
0.252250
1.473941
1.931412
2.043276
0.986211
1.309001
1.635606
1.251921
0.786649
0.850515
0.823301
1.409004
1.512921
1.541189
1.718779
0.919041
0.712651
0.038267
1.240827
-1.136956
1.071975
0.692302
2.535282
0.600587
1.967728
1.556629
0.109674
0.695254
0.758361
1.333342
1.386058
0.703597
0.773947
0.835404
1.291437
0.341022
1.879053
2.812357
1.149300
1.034818
1.036223
0.897726
0.616708
1.235290
0.483440
1.941171
1.772769
0.027806
0.429542
2.084887
0.930042
1.110377
0.233971
1.271973
0.765343
1.675620
-0.189654
2.094406
0.080319
-0.297908
2.017529
1.668081
0.497134
1.213203
2.181655
0.918551
0.577981
1.730385
0.852209
-0.047392
0.257177
1.177581
0.518714
1.303785
0.498513
1.089979
-0.208398
0.011053
0.931403
1.438500
2.236843
2.173608
1.664332
2.506005
2.396575
1.259427
1.855200
0.284608
1.372989
0.868349
2.173007
1.041074
0.205687
1.327169
1.035886
1.159474
1.319717
1.544538
0.991794
0.952444
1.112401
0.514769
0.029438
1.153728
0.812636
0.143307
1.881795
1.203776
0.797716
0.537745
1.472848
0.165156
0.886217
-0.484278
0.402061
1.735272
1.094745
1.188587
1.866252
0.420556
1.679974
1.993883
1.050722
0.779686
0.496609
-0.022509
1.931631
1.337643
0.095853
0.827883
0.768415
1.181194
1.140863
1.869320
0.523658
0.569709
1.561665
0.618980
0.174461
1.309286
1.991701
1.381080
-1.213564
0.669691
-0.204325
1.117718
-0.215088
1.287743
0.408222
1.335578
1.251549
1.308491
0.738184
1.507238
1.855046
1.356476
1.010082
1.423146
0.795351
1.784367
1.954878
1.764990
1.387384
1.324608
0.943587
0.959690
0.180501
1.665362
0.157952
1.892528
0.535088
-0.197594
1.066859
1.734235
-0.303177
0.354692
-0.447852
1.550798
1.276707
0.976624
0.664774
1.007753
1.319054
0.916718
2.263981
0.640474
1.227005
0.574802
1.176190
1.899031
1.967164
0.804637
0.730443
0.249948
1.592323
1.190063
0.886385
0.652763
1.871401
-0.171029
0.069482
1.085039
0.460798
1.045122
0.892415
2.879425
1.274432
0.291766
0.178897
1.784132
0.496763
1.652904
1.196094
0.996103
1.377510
0.840198
1.026434
1.059713
0.888990
-0.140254
0.979683
1.540614
0.490346
0.127660
1.162831
0.862273
-0.060287
0.813962
0.661400
-0.357771
0.313588
0.563763
0.423456
0.310963
0.962991
-0.025708
2.392999
1.077416
-0.059835
1.664605
1.724515
0.022943
1.330787
1.204304
2.113172
0.521330
0.112286
0.013525
1.581936
1.551064
0.959061
0.795764
0.094325
1.749111
1.934525
2.851329
1.116971
2.202661
0.189481
1.124922
0.634881
0.620599
0.723564
0.971314
2.025898
1.685214
1.407609
2.154140
0.602956
0.633434
0.561610
1.230053
1.459723
0.759888
-0.203000
1.575742
0.886513
0.437130
1.453369
1.081700
0.964100
-0.288027
1.060029
0.918021
1.619990
1.108791
0.969865
0.462332
0.724573
1.692684
-0.164253
1.487333
1.203501
1.079135
0.733588
0.247096
0.924972
0.951192
-0.161090
1.190174
0.169473
0.661868
0.292342
2.045702
0.949513
1.479096
1.034699
0.407373
1.503664
0.503900
1.369933
0.623935
2.640893
1.582027
-0.213773
1.360041
0.594999
0.757771
0.781393
1.585199
0.569197
0.195225
0.444345
0.973587
1.617977
0.471150
1.871413
0.138314
-0.461363
0.451310
1.214122
1.685130
0.668819
1.847868
-0.009136
1.615261
1.711091
0.839795
1.798618
1.475961
0.219432
1.998295
0.604831
1.507227
0.511780
1.329135
1.682138
0.613813
1.346137
1.701689
1.544645
0.926873
1.170641
0.571534
1.585545
0.892948
1.501836
1.236785
1.670050
0.846264
0.763195
1.898719
0.533441
1.408091
1.625107
0.537995
1.114943
1.601205
0.468137
0.197281
0.415005
-0.340607
1.590385
-0.022862
2.463682
1.204885
1.075319
0.482527
-0.130168
0.755853
1.501936
1.715376
1.634407
0.512603
0.288005
2.101870
1.596112
1.079397
0.463403
2.970211
0.117010
1.723116
0.497527
1.554405
0.752694
0.902817
0.008400
1.958588
1.856612
2.485380
1.145604
0.728323
1.482314
1.240818
0.912902
0.446910
1.044269
-0.025673
1.016715
-0.265282
0.769254
1.309595
1.613637
0.315783
1.458168
1.096898
2.354396
0.966630
-0.582868
-0.232429
2.191890
0.881753
0.489459
0.788749
0.268833
0.547885
1.399013
0.046544
0.686240
1.834555
0.887015
0.262234
1.887963
1.195043
0.662130
1.541185
3.415179
1.265414
0.302438
0.861587
0.723639
2.504004
1.156301
1.436398
1.264927
1.606608
0.413161
1.528752
2.244157
2.152012
0.204607
1.110348
0.800234
0.200932
1.230881
2.484231
0.949371
2.199529
1.219835
1.506487
0.500920
1.726556
1.112552
0.410288
0.468684
0.861618
1.359237
0.070530
1.844795
0.046770
2.133509
0.729826
0.462409
1.623371
2.024453
0.916937
-0.041521
1.736756
1.015076
1.455889
1.903344
1.908892
0.582333
1.339023
-0.030051
1.640662
0.336756
-0.210958
1.854261
1.058046
1.252089
0.021262
0.495865
-0.157798
0.779766
0.329433
0.420400
0.124025
1.365054
0.502898
1.434562
1.311640
2.870810
0.140162
-0.082992
1.212351
-0.170924
0.931220
2.035872
0.928914
1.621920
1.577172
1.551435
1.381697
1.366267
-0.221756
0.912224
1.338058
0.455826
-0.564566
1.405203
0.301535
0.359541
1.144050
0.183267
1.707023
0.390638
1.767084
0.925931
0.337730
0.836873
0.817601
1.130207
0.689852
0.577397
0.523812
0.934357
1.256792
1.063156
1.330896
0.350650
0.465071
1.232684
-0.497122
-0.307745
0.194648
0.689142
2.003041
-0.287398
0.134027
0.857315
1.530637
0.775135
-0.569163
1.260986
0.128325
0.758436
-0.340415
1.288174
0.539989
0.776139
1.113107
0.652353
1.114933
1.217441
1.482121
-0.690935
1.538412
0.944519
2.230084
0.418089
2.138113
0.799476
0.307620
0.275564
-0.187726
0.903447
0.849928
0.437772
1.655267
0.716083
0.775185
0.760647
1.287881
0.096867
1.994066
1.158640
1.208445
1.497555
0.809881
0.674155
0.643923
0.670344
1.249646
0.280078
0.877619
0.763873
0.451744
0.934615
1.425622
0.406548
0.344471
0.532070
1.564537
0.745426
1.266723
0.578548
1.074438
1.509048
1.258567
1.421616
0.822626
0.053122
1.738089
2.702934
0.953042
1.349986
2.182791
0.509478
0.909246
0.046880
1.190321
1.003109
1.165589
0.482410
-0.209472
0.945367
0.780089
1.056348
0.658430
2.534247
1.191501
0.846223
1.110058
0.260119
-0.121250
0.239183
1.080151
1.181068
0.758145
0.190621
1.250293
0.385207
0.670415
0.959932
1.856145
0.974912
2.001326
-0.046133
0.976947
0.914258
2.037992
2.555356
0.535185
0.959463
-0.275751
0.304256
1.860565
1.682634
1.690500
0.998311
0.627105
0.129691
1.937966
0.010736
1.201938
2.301053
1.655611
0.912918
0.681114
0.648507
2.406552
1.162621
1.535676
0.603328
2.056647
1.276947
1.209339
0.864056
1.081371
1.490392
1.298174
1.335746
0.241570
0.855368
0.315288
1.082884
0.620652
2.369955
0.518281
0.891393
1.367552
0.814123
1.022283
0.856609
-0.029279
0.964009
1.665082
1.805385
0.768050
1.470912
1.173300
0.847322
0.428540
0.706365
0.526136
0.684271
1.000534
1.025047
2.690662
-0.222564
0.974649
0.357091
2.003099
1.403962
1.326353
-0.096752
0.765184
0.737807
0.950071
0.394281
1.599885
1.321216
0.431715
1.666829
2.245696
1.373517
1.015260
1.330630
1.276263
0.791208
0.697780
0.770656
0.770852
1.317921
0.780656
1.478454
1.622085
0.201418
0.543894
0.861927
0.827151
0.412436
0.618371
1.209698
0.393211
1.377674
-0.275994
1.780557
1.295960
1.384065
0.641357
0.941377
1.898916
0.897235
0.508443
2.734877
2.402234
1.314273
1.127940
0.394774
1.771755
0.702058
2.658679
2.131996
-0.070952
-0.285916
0.390828
1.825428
-0.685928
0.420467
1.559242
0.814472
1.544888
1.188567
0.316195
0.119477
1.254489
0.750944
0.212873
0.604247
-0.053459
0.934482
0.308808
2.659547
1.603015
1.423120
0.233092
0.937468
1.372934
1.175074
0.845650
2.107685
0.839673
0.073555
2.084199
1.548826
0.855667
0.053403
1.325576
1.174411
1.227114
2.689585
0.918270
2.549752
1.098874
0.735176
0.163420
1.428162
0.055483
0.540339
0.778917
0.692077
2.103297
1.317965
0.701890
0.381057
1.744565
1.534467
2.242312
2.203599
0.862103
0.593603
1.360440
0.886564
0.632654
0.978047
0.283602
1.347290
1.242398
1.933762
1.522175
0.792338
1.736206
1.565442
1.024708
1.817911
0.910482
0.957068
1.553485
2.743576
1.871906
0.730660
0.733224
-0.068746
1.992356
1.392030
1.333979
1.900309
0.057833
1.667306
1.583004
2.811830
1.144743
0.531154
1.613056
1.022636
0.677794
0.804875
1.520864
0.403597
1.366884
2.089885
1.053785
1.757826
1.304050
0.930274
0.943809
1.703061
0.659048
1.582462
1.731331
1.244120
1.941689
1.464652
0.257799
-0.065232
1.243278
0.725016
0.549425
2.585187
2.097650
1.070474
1.030278
1.022913
1.913919
-0.045839
0.763253
0.662790
0.953412
0.555450
0.928351
1.763524
2.415829
0.688977
2.221932
1.189079
0.043604
1.324499
0.339777
0.262363
1.383812
1.334673
1.573083
0.430711
1.607126
1.886664
1.084737
0.452076
0.400812
0.809075
1.508117
0.694764
1.470968
0.813889
0.813165
0.951820
0.110107
0.594820
0.721042
1.726654
1.477412
1.125187
1.626238
1.052242
2.043907
0.063246
0.527647
0.891272
1.114645
2.326844
1.766534
0.963910
1.020700
0.253338
1.125383
1.556639
2.244247
1.349028
1.202409
0.985966
-0.131297
1.032893
1.616760
0.931339
0.006056
2.565244
1.087723
1.822102
1.811381
2.596106
2.869365
0.127199
1.702129
1.962990
1.422817
2.200757
0.803508
0.421537
1.165495
1.198683
0.223309
3.093098
1.742364
1.560685
1.071389
1.405598
1.412287
2.534481
1.029936
1.113196
0.516235
0.571905
1.372890
1.574364
0.955058
-0.216268
1.031496
0.337202
1.289739
0.556101
1.669115
0.135376
1.186418
0.954309
1.604549
2.929813
-0.674273
0.669589
1.680312
0.931596
2.817005
0.072545
0.425786
0.786638
0.171096
1.722126
1.618882
-0.327333
1.285055
0.415825
2.071541
0.366784
1.053318
1.274813
1.464016
0.151076
2.296466
0.578002
2.095813
0.988034
0.884533
2.124206
-0.202190
1.045433
1.836323
1.080083
0.342066
1.522413
1.316907
0.612567
0.284705
1.567049
-0.327703
0.872739
1.013705
0.002024
1.074327
0.627256
2.208192
0.419943
1.418884
0.907031
0.656442
0.249622
1.493485
-0.765998
0.249273
0.631257
1.139611
1.262167
1.650339
0.003234
1.482554
-0.071804
0.762953
1.055113
0.968677
0.304425
1.698884
-0.303382
1.226925
0.098285
0.559726
0.990038
2.238984
0.875013
0.194892
0.296850
1.789105
0.683897
0.853915
0.419109
0.568778
0.933388
1.263095
0.477362
1.533654
1.501417
0.339254
2.007084
1.311665
0.981283
1.619141
0.726501
0.385051
1.250943
1.872877
0.206683
2.282303
0.216478
2.206342
-0.003485
0.411189
2.112117
1.116387
0.520395
2.215853
0.614027
0.133105
0.968314
0.530357
0.853838
0.615629
0.177872
1.496925
1.379113
1.063238
0.758738
0.782288
1.324545
0.989135
-0.274058
1.810689
-0.030129
0.206683
0.768512
0.253021
0.527488
0.377161
1.485661
2.102627
0.389211
0.917089
1.345212
0.117539
1.818509
0.710795
0.706027
1.593992
1.166178
0.153931
1.454330
0.882360
0.919729
1.038023
0.261203
0.353705
1.166243
0.430928
2.098601
1.126450
1.646330
0.574078
0.293560
1.754436
1.007701
0.719705
1.170620
1.689139
1.221503
-0.019148
1.739484
2.104170
1.046016
0.942563
0.486197
0.171923
0.824377
0.431835
1.957338
0.418323
0.060808
-0.245566
0.767115
0.412397
1.926764
1.199770
2.119214
0.808818
1.852009
0.355942
0.766119
0.640340
-0.078263
1.873488
1.824602
2.481327
1.094033
2.325178
0.931191
0.995211
2.718455
0.906976
0.422138
2.425745
1.396958
1.571102
2.102803
1.750314
1.348836
0.916408
1.586431
2.046350
0.501279
0.372566
1.365997
-0.219640
0.386847
1.242462
-0.123073
0.589509
0.466238
1.798294
1.470948
1.070941
2.041987
1.582458
2.183590
0.447031
0.681010
2.153946
1.545703
0.731311
0.803300
1.475386
1.551186
0.368115
1.348076
0.735809
0.533239
0.827463
1.161892
0.875974
1.331914
0.319444
1.167310
0.272355
1.651915
3.007711
0.546559
1.508619
0.512978
0.562825
0.531377
0.821529
2.114674
0.543268
0.138368
1.250935
0.416621
0.971511
1.218451
0.900153
1.248576
1.933275
1.477593
0.091404
1.483045
0.529346
0.910106
1.275147
1.006351
1.042387
1.714306
0.201157
2.544005
0.239383
-0.028553
0.939395
1.886149
1.568688
0.776128
0.512068
1.116268
0.156365
1.155137
3.597372
0.911709
2.376660
1.047979
0.691260
1.015818
0.448430
0.241419
1.305660
1.404872
1.198277
0.540123
1.131966
-0.011699
1.430304
1.158587
1.723335
1.119815
2.527495
0.573947
1.421794
0.852336
0.784446
0.442654
0.244090
1.703554
0.948567
0.981185
0.692686
0.930175
0.251331
0.156238
1.083372
1.280438
0.630658
0.891940
1.282568
1.380106
2.701693
1.491989
-0.298290
0.374672
0.487309
-0.350758
0.548566
0.334559
1.580844
-0.184650
0.546642
1.413008
0.487686
1.420283
0.789320
0.005914
1.635720
1.080033
1.731431
1.713308
0.949281
0.688916
1.784151
1.321168
1.364781
1.079814
0.922591
0.783903
1.604848
1.162441
1.457888
1.674678
1.148601
1.510676
2.225877
1.378245
1.157454
1.714742
1.460777
2.027303
0.586484
1.750536
0.500324
0.641127
2.332819
0.256823
0.889424
0.261037
1.428775
0.234923
1.036123
0.980933
0.585704
0.186588
0.855886
0.964557
1.742355
1.276146
1.602043
0.403785
0.438484
0.809629
1.022356
1.427261
0.756648
2.306450
1.449465
1.094996
0.694833
0.576890
0.318887
0.186204
2.369827
0.142848
1.502165
0.984028
0.142805
0.286078
1.300952
1.185563
1.774927
0.984523
0.885829
0.141437
0.338355
0.606799
2.277057
1.246023
0.792466
1.647453
1.616630
0.615828
0.409702
1.129677
1.913951
1.653188
0.225193
1.382829
1.815298
1.202077
-0.163328
0.459790
1.075724
1.014147
1.485847
0.639444
0.354123
0.439355
1.871554
1.142752
-0.335811
0.697361
1.217966
1.411283
1.486946
1.534583
1.429030
0.427699
1.234150
0.400676
1.602653
1.564752
1.655026
0.754771
2.534108
2.584163
1.251959
-0.162700
0.493201
1.796521
0.467298
0.281685
0.053129
2.712606
1.211964
0.472765
0.732647
1.251842
-0.580598
1.956716
0.984283
0.247947
-0.718468
0.272631
0.562542
0.527984
0.970494
0.398525
1.887867
0.001684
0.916755
0.909123
0.147648
1.152217
0.953664
0.545818
1.555345
1.009715
1.227139
0.358630
0.753795
0.984912
0.799612
1.285069
1.111737
1.333246
1.694320
1.578149
1.858776
0.103048
1.033674
1.131744
0.650388
0.261284
1.069302
0.381268
1.357579
1.617724
0.154415
0.879214
1.345456
1.684923
0.217631
1.504505
2.594070
0.806183
1.310189
1.158036
1.378907
0.944566
0.364254
0.779410
0.313118
-0.379879
1.544547
0.986654
-0.342152
0.288074
0.850044
1.128097
1.202643
1.988561
1.020828
2.116390
0.916219
0.255059
1.284108
1.435932
2.255276
1.439973
0.348347
-0.080477
-0.493485
1.844819
1.575947
2.195018
0.578519
1.889374
0.602554
1.786459
1.473946
1.399864
0.416255
1.070779
1.904567
0.927625
0.931180
0.222604
1.033647
1.051850
0.407890
0.443283
0.719144
1.269336
0.441935
1.599286
1.568369
2.728070
0.197296
1.873712
1.046120
0.221323
1.000340
2.576825
2.700649
0.502844
0.539160
0.925443
1.399202
0.635849
1.776205
1.838578
1.195592
1.796976
0.944667
0.163322
1.011478
0.587058
0.001997
0.133312
0.468796
0.543049
0.956098
0.648810
0.617907
3.001599
0.398976
0.860913
0.702307
1.937886
-0.378159
2.156940
0.342806
0.847576
1.258262
0.198038
3.174221
1.803283
1.642740
1.797441
0.973767
2.144965
2.199027
1.615792
1.210270
0.466041
1.909041
1.924071
1.298916
2.239759
0.363870
1.311250
1.119111
1.031264
0.117734
2.622420
1.317730
1.539556
1.184601
0.643439
0.515523
0.783162
1.690011
0.097723
1.335035
2.050046
1.684913
0.877582
0.767538
1.467259
-0.387279
0.427109
-0.322136
1.588690
1.158952
1.720934
0.876879
1.187474
1.678201
1.115404
1.757634
1.334068
1.301354
1.102995
0.904566
2.378753
1.893696
0.765218
0.652383
-0.621907
0.546782
0.718561
1.404029
0.701382
1.533241
0.145404
0.546321
0.028768
1.893722
0.541800
0.321251
1.082557
1.937233
1.493157
0.863821
-0.211758
0.203027
0.898420
2.346817
0.665894
2.162371
-0.105419
1.227907
2.697852
1.023207
2.009415
-0.156752
0.697517
0.609635
1.915453
0.561175
1.142686
0.081382
1.196443
1.175924
1.370561
1.520572
0.969560
0.983020
0.769868
0.041725
0.871249
1.857527
0.864773
0.771292
1.631059
1.429738
1.146532
0.939987
0.877402
1.433730
0.211362
1.035234
0.570568
1.309320
0.536748
0.096487
1.557439
0.321669
1.421649
1.043254
0.116104
1.820103
0.540736
0.162562
1.887800
1.070391
0.357497
0.954228
1.159346
0.571000
0.642984
1.676825
0.767811
1.464067
1.849612
0.957062
1.117915
1.539660
0.674367
1.392601
1.627402
2.083723
1.972157
0.358319
2.301893
0.790773
0.232967
0.855889
1.054698
-0.013553
0.898878
1.045626
0.076103
1.660360
1.277755
0.835944
0.481336
1.295545
1.593790
1.433771
1.207269
1.690084
1.614369
1.082993
0.455526
2.380774
0.488492
0.928088
1.765337
0.021915
0.605384
0.243821
0.427169
1.268089
0.087938
1.745143
0.867881
0.628827
0.327313
0.235046
-0.290029
1.016696
1.545043
1.953319
0.786234
0.665698
1.477820
0.183877
2.032265
0.967037
1.547944
2.306437
0.319200
1.108897
0.527759
0.363945
2.016107
0.418875
0.450714
-0.116970
0.944592
1.857107
0.015721
1.064292
0.690091
0.744612
-0.053064
0.023784
-0.179757
0.285135
0.868949
0.136346
1.038323
1.193560
0.965256
-0.206953
0.492809
1.795677
1.773429
0.412285
0.059076
0.188988
0.633013
0.855902
1.502074
0.846104
1.096909
1.315671
1.631810
1.360470
1.181943
0.419813
1.076112
0.534319
-0.310531
0.921483
1.264123
1.490862
2.824068
0.652276
1.838433
0.592717
0.832451
1.596495
1.637256
0.761755
1.579003
1.343822
0.785783
0.962530
1.922363
0.091897
1.600875
1.319702
1.801232
0.972472
1.073019
0.704545
0.495268
1.232397
0.562821
0.255984
0.737073
0.822091
0.849109
0.827841
1.427872
1.076297
0.555829
1.794647
1.842224
0.662489
0.727510
0.731383
1.018816
0.170630
1.489109
0.144325
0.721312
1.247662
1.399369
1.378168
0.426833
1.224495
0.491448
1.470557
0.663271
0.226204
1.239238
0.739753
0.700973
0.851749
0.756971
0.701516
0.154337
0.451384
2.292432
1.920138
-0.072238
1.484537
1.010915
0.036511
0.612971
0.728686
0.912613
0.869130
1.049664
0.036967
1.729669
-0.115379
0.460488
0.893790
2.917432
0.267538
0.826394
1.197153
0.482262
1.315017
0.596163
0.277189
1.812241
0.042480
-0.225977
0.702152
0.090991
1.613426
1.057172
0.929094
0.992781
2.026132
0.618974
1.160883
0.913234
0.883631
1.529689
1.104607
0.615497
1.733225
1.099458
0.247579
0.894799
0.238704
1.019441
1.444865
0.313788
1.289636
1.978205
0.589317
-1.067546
0.903972
1.266754
1.825024
1.415079
-0.760352
1.156256
2.159206
0.170134
1.101762
0.851593
0.395407
0.902040
1.309602
1.005374
1.135882
1.267950
1.760984
1.859232
1.250534
1.942619
0.387563
1.700800
1.298282
0.839716
1.208120
0.535180
1.406536
1.529607
1.165556
1.173070
0.620403
1.754308
1.741566
1.025975
1.345542
0.526107
1.464224
0.968562
-0.614178
1.321173
0.632005
1.442002
1.102009
0.297053
1.027639
-0.339541
0.574400
0.160665
0.643133
0.425557
0.943888
0.862660
1.186822
1.349963
0.018621
1.199564
1.043716
0.254734
0.582405
0.374660
2.170099
0.989118
1.249876
0.499289
1.973577
0.287041
2.279452
0.366993
0.687349
0.669471
0.289110
1.757568
0.885899
1.240727
1.484032
0.741972
1.227581
2.288366
1.191102
1.710044
2.261203
1.447811
0.892589
1.330298
0.398735
0.249415
2.505669
0.913408
1.282243
0.152962
0.491556
0.680726
1.008102
2.798086
-0.719968
0.228790
0.293878
0.959457
1.889853
1.804351
1.472661
0.531470
0.946697
0.800618
1.844456
0.465952
0.254763
0.900378
0.340515
1.103774
0.982632
1.067828
1.345214
-0.253673
0.529853
0.459660
1.293439
0.445084
1.843102
1.363947
0.664274
-0.729043
0.179939
0.178777
0.600301
0.133922
0.523178
1.573713
1.201748
1.026670
0.699034
0.719799
1.960615
1.027087
0.972039
1.021010
1.851861
0.251459
1.278716
1.080180
0.542958
1.740350
3.223265
0.892844
1.459021
2.069895
0.274639
1.318037
0.193048
2.349946
0.348245
0.904087
1.029752
0.666174
0.605619
2.587382
0.660844
1.380330
-0.444147
0.766877
0.450651
0.271600
-0.051914
1.127646
1.116850
0.438863
0.896991
2.348241
1.840298
0.390240
1.081571
2.302358
0.673922
0.866384
0.813713
2.146175
1.236884
1.210932
2.236930
2.128589
0.996552
1.305206
0.887687
0.729919
2.459404
0.341518
0.789007
0.498237
1.072430
-0.309078
2.296391
0.898243
1.384045
0.888625
1.633846
1.406544
0.057395
-0.325979
1.532527
1.656214
1.448496
1.942789
1.115292
0.983363
1.604217
0.485166
1.141765
1.913113
0.486137
1.668221
1.550100
1.096914
1.289254
2.840954
1.226504
1.069913
1.544036
1.679870
1.542738
1.050213
0.964404
1.100065
1.727251
1.702650
1.209082
1.315874
1.448743
0.230238
0.935325
-0.189155
1.793355
0.146783
1.944411
0.810566
0.636661
1.174531
0.969756
-0.091625
0.703885
0.574650
1.225501
1.217041
0.661016
1.137124
0.281860
0.306451
0.489461
0.615174
1.701996
0.413463
1.360069
-0.066655
1.289062
0.015246
0.658478
2.402579
0.546831
1.548706
0.870517
1.484305
0.801031
1.621383
0.570639
1.592958
0.911122
0.197724
1.276242
0.169209
0.813630
1.147859
0.950790
0.311302
1.131355
0.872353
1.045979
1.238702
1.105274
0.694080
1.388271
0.507438
0.852416
2.084078
0.518728
1.438401
0.675223
1.732624
1.491375
1.292117
0.053633
0.956147
0.223639
0.092552
0.294986
1.344379
3.047486
1.053105
1.149011
1.113994
1.767906
0.950750
0.398867
0.930056
0.752414
1.351234
4.052979
0.352143
1.734438
0.848509
0.884129
0.761505
0.820499
1.031430
2.145972
1.505380
0.893734
1.144171
1.493939
1.255540
2.421213
1.429156
0.174179
0.496323
1.103802
1.346852
1.819014
1.713352
0.174673
1.086362
1.228414
1.145171
1.252477
1.588477
0.825098
1.058551
1.036438
0.581049
1.293398
1.588506
0.486633
1.159630
0.887339
0.381680
1.250495
0.482266
1.240221
0.911866
1.303566
0.208642
0.253340
1.131713
1.026221
0.692844
0.739873
1.336135
1.811637
-0.144499
2.075424
2.310871
1.037624
1.697649
1.367691
0.959346
1.377934
1.286675
0.771973
1.888849
1.067756
1.686375
0.754828
0.042434
0.793020
0.379838
0.294781
0.863676
2.037100
1.059902
0.593536
0.349134
0.761516
0.084873
2.205303
1.666317
2.260139
1.850984
0.199942
0.395133
1.406048
0.804285
0.247544
-0.214238
0.884747
1.442153
1.181719
1.461415
0.983907
3.102882
-0.164920
1.199496
-0.184072
2.625297
2.037286
2.054435
-0.030392
1.655525
0.440830
0.690434
-0.230596
0.887897
1.141807
0.298932
2.483191
0.181130
1.455284
1.976411
1.012235
1.016149
1.268154
1.443013
-0.797007
0.395811
0.119772
0.934969
1.547137
1.321793
2.148439
2.118344
1.013208
1.260826
0.200117
0.800436
0.962440
0.993697
0.645900
2.393398
-0.017683
1.128649
1.114856
0.497126
0.916086
1.588692
1.061501
1.875514
0.825168
1.244516
0.860968
0.336663
-0.402680
0.280171
1.231644
1.492821
0.923045
0.715575
1.439053
1.022667
1.944020
0.093334
1.199027
0.334408
0.882578
0.902365
3.248400
1.083819
0.575740
0.336447
0.523927
2.057126
1.181434
1.345404
0.782842
0.521790
0.002255
0.710489
0.952992
0.601880
0.973552
0.705266
0.575752
0.601331
0.783246
1.751534
0.279097
0.455996
0.928545
1.209523
0.758544
2.033971
0.191294
1.252425
0.960681
3.284169
0.525751
0.279002
0.034553
1.048884
1.783446
1.073040
1.875292
1.016734
0.636352
0.722363
-0.255414
0.677313
0.068970
0.604426
1.196377
0.638203
0.663933
0.681015
2.536727
1.995484
1.928442
0.915202
0.863678
2.089852
0.957766
1.261684
0.548319
-0.055266
0.810720
0.227910
0.939573
0.254935
0.390439
1.133046
0.555180
1.904674
0.118394
1.622791
0.359151
1.054616
0.806678
0.665942
0.834912
0.314939
-0.098879
1.253755
1.733901
0.824959
2.256881
1.107141
2.299176
0.137349
0.281576
1.507539
-0.011577
1.349285
1.237420
0.852297
1.315576
1.538756
1.011879
1.707298
0.420385
2.431298
1.755260
0.534833
1.274768
1.966153
2.268989
0.409591
0.234187
1.148948
0.173794
0.099831
1.726398
1.087153
1.686763
0.146653
0.579469
1.295675
1.292214
1.551519
0.906398
0.537503
1.659439
1.278759
1.264925
1.488437
0.983421
1.516389
1.428443
1.918163
0.669035
0.946123
1.404576
-0.405364
1.194912
0.784859
1.974260
1.034485
2.113208
0.707136
2.453468
1.129271
1.632798
0.074170
0.344403
0.568335
0.575798
0.217852
1.891684
1.352462
2.258954
1.539097
2.252609
0.978968
-0.325635
1.814972
2.092820
-0.286834
1.096799
1.092385
0.496353
0.624290
1.594936
1.109955
1.673621
-0.898836
0.081527
0.605204
0.213273
1.064062
1.153213
1.159991
0.101967
0.059632
-0.814903
-0.093128
0.647591
3.031820
-0.113649
1.981742
1.629829
1.495240
-0.113606
2.287149
1.134070
1.879871
0.520394
2.523736
2.208718
0.524860
1.355505
-0.339818
1.692736
1.286430
1.636497
1.244114
-0.372041
0.959648
0.787010
0.415335
2.037834
1.460859
0.950986
2.027302
0.605514
0.357482
0.950836
0.233058
-0.165744
1.525064
2.595126
0.393752
1.816722
1.706508
1.782444
1.967615
1.075355
0.752964
0.588389
0.793577
0.228625
1.255901
1.052939
1.516552
0.279763
0.629068
1.259701
1.690779
0.500177
0.773344
1.264896
0.128762
0.682397
2.268367
0.799292
1.365957
0.648246
1.800204
0.465464
0.063409
1.288516
1.649696
2.369796
0.974622
0.767357
1.171262
0.809965
2.479466
0.477880
0.811206
0.418959
1.250113
1.139422
1.651115
1.719299
1.655240
0.648436
1.024378
-0.514849
0.716998
1.846546
0.336043
2.489858
0.433351
-0.376968
0.877081
1.961431
0.963401
0.932597
1.533606
0.035864
1.199117
0.936223
1.456037
2.001081
0.806724
-0.119485
1.821752
0.041160
-0.310828
1.415368
1.965958
2.241765
0.845764
1.466065
1.185998
0.653371
0.577010
0.602004
0.725522
0.393070
1.152913
0.954302
0.861936
1.222399
1.703213
0.979611
1.133424
1.233573
1.863375
0.417912
1.312685
-0.102947
1.554910
0.852717
2.138953
0.938864
1.660040
1.250915
0.985384
2.150535
2.313797
1.114307
-0.349241
0.800322
1.134997
1.441486
1.622800
0.786348
1.037718
0.900016
0.503360
2.773067
0.035522
0.665364
0.786276
0.814891
1.264063
2.037996
1.363328
0.524830
0.351547
0.504303
0.460373
1.016646
0.666277
3.353023
0.246156
0.833106
2.053585
0.493916
-0.131796
1.600878
1.729782
0.028259
1.633934
1.823213
0.112838
1.673634
1.677715
0.638118
0.721461
1.178668
0.419169
-0.002246
0.301160
0.877832
0.423925
1.080687
0.700230
0.200660
0.484188
1.007778
1.960930
0.310280
0.669162
0.935858
0.816598
1.286762
1.902953
1.360502
0.690430
0.989443
0.414000
1.751763
1.515808
2.008612
1.932758
0.711416
2.973265
0.292629
-0.047564
1.221875
0.501362
0.553856
1.143073
1.202283
0.873232
0.205297
2.073541
0.124219
0.145377
2.556166
0.201727
1.227289
1.403527
1.015485
1.369149
0.251936
0.091621
2.561717
2.102320
2.393954
0.623096
0.086610
0.834534
0.373459
1.206229
0.145443
0.762743
0.833078
-0.356844
1.627240
1.229886
0.356380
-0.342635
1.710959
-0.040910
-0.028564
0.967957
0.656805
1.870051
0.825683
1.405800
1.687192
0.696488
0.495803
0.657278
1.264734
2.190186
0.645566
0.648938
0.514184
1.078172
0.828547
2.188620
0.190069
1.817236
1.057929
-0.396887
1.476782
1.107027
2.032623
0.164084
1.109846
0.783811
0.554497
1.966495
1.724322
1.034948
0.761285
1.442746
0.160914
0.553149
0.803057
1.365973
0.260557
1.954551
1.162102
0.157032
1.678242
0.695687
1.201203
2.459839
0.744145
0.744348
2.423311
1.118608
0.546793
0.397698
0.577238
1.492884
0.463682
0.092906
0.585160
0.636564
1.418829
1.284232
1.422030
-0.164815
0.102752
1.835025
1.024322
1.192551
0.710028
0.094490
1.695465
0.876204
1.461791
1.045740
1.356615
2.232871
0.578736
0.402643
1.475822
-0.652752
1.066274
0.954540
0.522759
0.330892
1.036981
1.398053
1.524311
1.442236
2.010376
2.684584
-0.137762
1.496355
1.684685
0.532063
1.191406
1.255371
0.939158
0.484610
0.885063
1.258427
0.578717
0.029500
0.778642
1.974925
0.660897
-0.035561
1.764784
0.729989
-0.367329
0.732913
1.463531
0.437565
2.469654
1.031697
0.265164
0.453456
0.606824
1.491460
0.704649
0.595782
1.630804
0.699074
3.649854
1.877937
1.055153
1.648188
0.125224
2.270039
0.387573
1.126737
1.298057
0.440133
0.150023
2.067009
0.547794
0.028952
1.054033
0.713898
0.666442
1.772737
1.156393
1.075476
0.312964
1.515931
2.297055
1.253572
0.608598
1.342941
0.323597
1.481392
1.534970
-0.118983
0.605041
0.833495
0.680003
2.002247
1.621190
1.194452
0.489464
2.364310
0.789748
0.175594
1.429596
0.387478
2.085516
2.488006
1.537615
0.920899
1.829413
-0.239453
0.210389
1.071821
2.374306
0.905121
0.460969
0.241379
2.107315
1.408410
0.500159
1.615787
1.428481
2.431745
2.174681
0.194301
0.436869
1.880995
0.150071
1.008683
0.783752
0.729022
1.270178
1.053506
2.489277
0.896276
1.434476
1.016146
0.563788
0.959956
-0.212019
1.063141
0.492650
1.329242
1.285314
0.595912
-0.116543
2.210295
0.614590
1.948101
1.579768
1.217651
1.830945
1.113207
0.734820
0.844650
1.001300
1.040323
0.751752
2.052193
1.780192
1.286518
-0.421431
0.523031
2.030753
1.578324
1.570072
0.715403
-0.074294
1.711938
1.021684
0.777042
1.764081
2.063414
1.532581
1.384012
0.939551
0.595422
0.098758
0.781838
0.363112
0.445253
1.134960
0.591958
0.267374
1.404006
1.676204
1.155928
1.186776
1.462366
0.391208
0.247996
0.650708
1.313685
1.321386
1.368811
0.301029
-0.095196
0.535865
1.874647
2.324364
1.547724
1.024956
0.912572
1.446932
0.618038
1.646586
1.335820
1.390514
0.414758
1.194906
1.276916
1.241794
2.317412
1.227703
2.406625
0.600402
0.992062
0.632255
1.959162
1.071897
1.557591
-0.190512
1.529517
1.443472
1.896705
0.457354
1.740852
2.055279
0.966833
0.179043
1.535675
0.903385
0.109753
0.822899
1.967637
0.016144
1.382498
1.023262
0.550626
1.243195
0.894518
1.363732
1.262384
1.389785
1.345373
1.718620
1.308116
1.425559
1.355638
0.780992
1.656725
0.085081
0.826477
1.757903
2.065891
1.843342
0.541873
0.423186
1.361429
0.676414
1.358265
0.331181
1.047633
1.482897
1.564119
0.985856
0.687970
1.832164
1.148890
-0.002415
-0.255983
1.270438
2.528291
0.300706
0.446598
1.103666
0.851223
0.912487
0.834530
0.111553
0.638624
1.683717
-0.088892
2.104798
1.756480
0.682084
0.350157
1.922205
1.745956
1.839722
0.500313
1.318014
1.102251
1.232656
1.015583
1.529485
1.503492
0.022648
0.825980
1.462685
-0.010371
1.487746
-0.153101
0.046069
1.739077
1.045678
0.998771
0.781187
2.268211
0.368330
1.296558
1.421985
0.734878
0.570431
0.578019
1.788436
1.124031
0.266028
0.494470
0.065680
1.975561
0.329493
0.807524
0.886432
1.418553
1.626422
0.003023
0.819089
1.487128
0.803080
1.772552
1.053001
0.654438
2.102572
1.977601
1.411248
-0.440367
0.700953
1.458736
0.391276
0.936686
0.745236
1.326023
0.993483
1.356104
0.583620
0.978959
1.802926
1.191996
0.892306
2.227084
2.120876
0.299605
0.535505
0.162147
1.352056
0.119572
1.367830
-0.127198
1.970913
1.171134
1.295778
1.019983
2.674804
-0.374124
0.069966
0.953709
1.166671
-0.192928
1.350895
1.251939
1.380455
0.107420
-0.122077
1.148817
0.321268
1.110471
1.088564
0.741290
0.303317
1.541180
1.485777
0.556225
0.887359
-0.185848
0.629129
1.389757
0.739639
0.591519
1.363205
1.728008
1.171402
1.817324
0.807885
1.850967
1.214309
0.287677
1.415208
0.978327
0.989577
0.344725
1.256815
0.906009
0.866613
0.473129
1.752204
1.650686
2.636890
0.385936
0.634688
1.094237
1.054220
-0.483429
0.607181
2.188409
0.868180
0.041517
0.579041
1.343146
1.777537
1.408140
1.865506
1.667231
1.105120
0.264109
0.222976
1.327827
0.976418
2.518095
0.464027
0.612876
0.780602
0.921185
1.949681
-0.010397
1.964330
1.122230
0.958756
0.975886
1.106641
0.687873
1.128325
0.848479
1.380000
0.145388
0.938562
1.246654
1.505477
1.145146
0.631390
1.284877
0.696998
1.228730
1.111681
1.252292
1.598886
1.391784
2.288046
1.763125
1.488967
1.023968
0.089677
0.469957
0.384463
2.338383
0.246657
1.501018
1.625574
1.211415
0.900060
0.293662
0.957359
1.032702
1.062520
2.425524
1.514663
0.396176
2.268612
0.710464
2.145913
2.520045
0.495682
-0.105435
0.330662
1.399303
1.100726
0.109706
2.025206
1.314967
1.275739
1.865117
0.669873
0.812482
0.060801
1.125205
0.773868
1.477048
0.519140
1.372036
0.646957
0.129781
2.100420
1.408380
0.966298
0.594915
0.741227
1.782963
2.722177
1.834807
0.191217
1.650520
-0.375085
-0.154788
1.079520
2.162541
0.788180
1.019331
1.747236
0.785939
1.687959
0.258314
1.093649
1.256453
1.679462
0.784721
1.169044
1.276403
1.722302
0.504435
0.939350
1.246344
0.831709
1.087788
1.831610
0.899434
1.219210
1.347934
3.049539
1.651292
1.404789
0.240744
1.480336
0.654382
1.229856
1.141122
2.137825
1.967427
0.980122
0.446516
1.315551
2.025293
1.122743
1.099577
0.421521
1.131819
1.181542
1.073023
0.796232
0.788391
1.736649
1.031081
0.711263
2.238214
0.531072
1.336878
0.742804
1.638997
0.064556
-0.522914
1.056149
2.157097
0.951788
0.631141
